 486.12672 
1234.69702
  232.93846
  462.09409
  723.42721
 2338.63247
1110.04029
  596.07590
  187.11888
  845.76483
  169.81961
  561.11292
 383.84779
  515.02846
  222.34792
 1299.32501
  911.82611
  209.36158
 559.06559
  567.58373
  226.79412
  402.32338
 1982.86527
 1009.09970
 280.23500
  570.48032
  495.49461
 2555.18759
  383.43209
   82.63346
  92.39419
  701.63295
  504.72646
 1167.64423
  276.50370
   94.58736
 572.05367
  905.40196
  277.97204
  815.20266
  253.30052
  325.64242
 173.71712
 2272.32618
 4290.07831
  299.38066
  294.89863
  296.28409
 228.97225
 1948.98201
  213.75368
  278.32609
  368.93943
 2672.78482
 164.20615
  159.76178
 3383.57562
  138.66105
  117.99593
  126.71863
 622.72755
  529.81878
  259.59489
 3941.39366
 1730.13303
  657.08091
 417.73543
  127.51337
  143.59092
  771.59221
  432.58807
   85.31296
 538.34838
  627.08888
  492.75775
  861.69275
  469.62937
  157.35857
  54.44593
  203.52563
  228.82091
  655.55340
 1368.60958
  818.95218
 217.35559
  229.94497
  601.78772
  496.34424
  757.13294
  171.35197
 841.26661
  637.35373
  599.33205
  869.12182
  319.61468
  240.08523
 598.35651
  123.62359
  179.11237
  401.14223